output_bucket: firespreadprediction
rectangular_size: 0.5
year: 2020
fire_23757640:
  latitude: 27.211267348869455
  longitude: -97.52732571383744
  start: 2020-01-31
  end: 2020-02-16
fire_23758349:
  latitude: 39.73309055966413
  longitude: -97.39785114950912
  start: 2020-01-31
  end: 2020-02-08
