output_bucket: firespreadprediction
rectangular_size: 0.5
year: 2021
fire_24844724:
  latitude: 42.19108568386407
  longitude: -121.2708717130628
  start: 2021-01-05
  end: 2021-01-22
